# Created by Octave 4.4.1, Sat Aug 15 21:37:23 2020 EDT <neshdev@Neshs-MacBook-Pro.local>
# name: measures_Lesion
# type: matrix
# rows: 4
# columns: 1
 0.21574562477501333
 0.011591788141740222
 12.348100768918343
 0.47980609873700697


