# Created by Octave 5.2.0, Tue Aug 18 14:35:37 2020 GMT <unknown@nesh-pc>
# name: measures_Lesion
# type: matrix
# rows: 4
# columns: 1
 0.21574562477501333
 0.011591788141740222
 12.348100768918343
 0.47980609873700697


